// Mettre les positions du robot a simuler
// Mettre sous la forme x[espace]y[espace]angle
// x et y en mm et angle en degré (tous des entiers)
// mettre une seule position par ligne

150 150 0
1675 1922 0
1147 965 0
1163 2376 0
1658 830 0
1874 1367 0
669 544 0
1258 1542 0
1442 624 0
416 1552 0
1548 345 0
924 2228 0
683 2502 0
1801 1539 0
383 1173 0
1209 1090 0
1697 1598 0
361 2378 0
382 2721 0
1802 1505 0
757 1156 0
705 1660 0
403 2630 0
779 2409 0
1612 2162 0
1310 1909 0
1528 1792 0
1625 2168 0
848 155 0
671 440 0
1309 1659 0
1039 2150 0
237 1465 0
1788 1176 0
1477 2152 0
338 1493 0
572 1676 0
1640 2646 0
1414 1482 0
1614 1195 0
1927 2258 0
1320 1049 0
359 849 0
566 2724 0
508 2276 0
671 553 0
305 1318 0
1663 262 0
587 2771 0
807 155 0
976 745 0
493 2799 0
320 2300 0
1565 1499 0
1009 1575 0
1771 1147 0
1304 1924 0
1679 2177 0
1765 1704 0
986 443 0
1637 385 0
483 1649 0
537 994 0
807 1121 0
1446 659 0
1240 2172 0
1073 1754 0
909 2165 0
1464 1540 0
224 2505 0
784 2304 0
179 2038 0
1311 1832 0
1019 2629 0
307 1903 0
265 373 0
1578 1064 0
432 2791 0
1598 2039 0
1888 1280 0
