x y z

// Dessin du terrain
MAP_SIZE 750 1200 10

// Positionnement de la caméra
CAMERA_POS 0 800 2000

// Sol 
SQUARE_3D 0 0 0
200 0 0
750 0 0
750 1200 0 
200 1200 0
10

// Sol
SQUARE_3D 0 0 0
0 200 0
200 200 0
200 1000 0
0 1000 0
10

// Carré bleu
SQUARE_3D 0 0 255 
0 0 0
200 0 0
200 200 0
0 200 0
10

// Carré rouge
SQUARE_3D 255 0 0
0 1000 0
200 1000 0
200 1200 0
0 1200 0
10

// Bordure
SQUARE_3D 255 255 255
-5 -5 0
755 -5 0
755 0 0
-5 0 0
50

SQUARE_3D 255 255 255
750 -5 0
755 -5 0
755 1200 0
750 1200 0
50

SQUARE_3D 255 255 255
-5 1200 0
755 1200 0
755 1205 0
-5 1205 0
50

SQUARE_3D 255 255 255
-5 -5 0
0 -5 0
0 1205 0
-5 1205 0
50

// Support 1 cote bleu
SQUARE_3D 30 30 30
-5 -20 0
10 -20 0
10 -5 0
-5 -5 0
350

SQUARE_3D 30 30 30
-70 -85 340
10 -85 340
10 -5 340
-70 -5 340
10

// Support 2 cote bleu
SQUARE_3D 30 30 30
368 -20 0
383 -20 0
383 -5 0
368 -5 0
350

SQUARE_3D 30 30 30
335 -85 340
415 -85 340
415 -5 340
335 -5 340
10

// Support 3 cote bleu
SQUARE_3D 30 30 30
755 -20 0
770 -20 0
770 -5 0
755 -5 0
350

SQUARE_3D 30 30 30
750 -85 340
830 -85 340
830 -5 340
750 -5 340
10

// Support 1 cote rouge
SQUARE_3D 30 30 30
-5 1220 0
10 1220 0
10 1235 0
-5 1235 0
350

SQUARE_3D 30 30 30
-70 1220 340
10 1220 340
10 1300 340
-70 1300 340
10

// Support 2 cote rouge
SQUARE_3D 30 30 30
368 1220 0
383 1220 0
383 1235 0
368 1235 0
350

SQUARE_3D 30 30 30
335 1220 340
415 1220 340
415 1300 340
335 1300 340
10

// Support 3 cote rouge
SQUARE_3D 30 30 30
755 1220 0
770 1220 0
770 1235 0
755 1235 0
350

SQUARE_3D 30 30 30
750 1220 340
830 1220 340
830 1235 340
750 1235 340
10
