x y z

// Dessin du terrain
MAP_SIZE 2100 3000 10

// Positionnement de la caméra
CAMERA_POS 0 1000 3000

// Sol 
SQUARE_3D 0 0 0
500 0 0
2100 0 0
2100 3000 0 
500 3000 0
10

// Sol
SQUARE_3D 0 0 0
0 500 0
500 500 0
500 2500 0
0 2500 0
10

// Carré bleu
SQUARE_3D 0 0 255 
0 0 0
500 0 0
500 500 0
0 500 0
10

// Carré rouge
SQUARE_3D 255 0 0
0 2500 0
500 2500 0
500 3000 0
0 3000 0
10

// Bordure
SQUARE_3D 255 255 255
-10 -10 0
2110 -10 0
2110 0 0
-10 0 0
75

SQUARE_3D 255 255 255
2100 -10 0
2110 -10 0
2110 3000 0
2100 3000 0
75

SQUARE_3D 255 255 255
-10 3000 0
2110 3000 0
2110 3010 0
-10 3010 0
75

SQUARE_3D 255 255 255
-10 -10 0
0 -10 0
0 3010 0
-10 3010 0
75

// Support 1 cote bleu
SQUARE_3D 30 30 30
-10 -25 0
5 -25 0
5 -10 0
-10 -10 0
350

SQUARE_3D 30 30 30
-75 -90 340
5 -90 340
5 -10 340
-75 -10 340
10

// Support 2 cote bleu
SQUARE_3D 30 30 30
1043 -25 0
1058 -25 0
1058 -10 0
1043 -10 0
350

SQUARE_3D 30 30 30
1010 -90 340
1090 -90 340
1090 -10 340
1010 -10 340
10

// Support 3 cote bleu
SQUARE_3D 30 30 30
2105 -25 0
2120 -25 0
2120 -10 0
2105 -10 0
350

SQUARE_3D 30 30 30
2100 -90 340
2180 -90 340
2180 -10 340
2100 -10 340
10

// Support 1 cote rouge
SQUARE_3D 30 30 30
-10 3020 0
5 3020 0
5 3035 0
-10 3035 0
350

SQUARE_3D 30 30 30
-75 3020 340
5 3020 340
5 3100 340
-75 3100 340
10

// Support 2 cote rouge
SQUARE_3D 30 30 30
1043 3020 0
1058 3020 0
1058 3035 0
1043 3035 0
350

SQUARE_3D 30 30 30
1010 3020 340
1090 3020 340
1090 3100 340
1010 3100 340
10

// Support 3 cote rouge
SQUARE_3D 30 30 30
2105 3020 0
2120 3020 0
2120 3035 0
2105 3035 0
350

SQUARE_3D 30 30 30
2100 3020 340
2180 3020 340
2180 3035 340
2100 3035 340
10
